0  .5
2  .5
4  .5
5  .5
7  .5
9  .5
11 .5
12 .5

-54 1.5

12 .5
11 .5
9  .5
7  .5
5  .5
4  .5
2  .5
0  1

-54 1

   0  .5
   2  .5
0  4  .5
2  5  .5
4  7  .5
5  9  .5
7  11 .5
9  12 .5
11    .5
12 12 .5
   11 .5
12 9  .5
11 7  .5
9  5  .5
7  4  .5
5  2  .5
4  0  .5
2     .5
0     .5

-54 1

      0  .5
      2  .5
   0  4  .5
   2  5  .5
0  4  7  .5
2  5  9  .5
4  7  11 .5
5  9  12 .5
7  11    .5
9  12 12 .5
11    11 .5
12 12 9  .5
   11 7  .5
12 9  5  .5
11 7  4  .5
9  5  2  .5
7  4  0  .5
5  2     .5
4  0     .5
2        .5
0        .6

-54 1

         0  .25
         2  .25
      0  4  .25
      2  5  .25
   0  4  7  .25
   2  5  9  .25
0  4  7  11 .25
2  5  9  12 .25
4  7  11    .25
5  9  12 12 .25
7  11    11 .25
9  12 12 9  .25
11    11 7  .25
12 12 9  5  .25
   11 7  4  .25
12 9  5  2  .25
11 7  4  0  .25
9  5  2  0  .25
7  4  0  4  .25
5  2  0  4  .5
4  0  4  7  .5
-5  0  4  10  1
0  4  9  12  1
-12  0  4  12  2
0  4  7 11 11 11 11 11 5
